2.000000000000000111e-01,8.406657803472048496e-01
2.000000000000000111e-01,8.435844751956632637e-01
2.000000000000000111e-01,8.619019382848575050e-01
2.000000000000000111e-01,8.632098426827803372e-01
2.000000000000000111e-01,8.657883771292785857e-01
2.000000000000000111e-01,8.652221738499181747e-01
2.000000000000000111e-01,8.578350090218864743e-01
2.000000000000000111e-01,8.516324846487882683e-01
2.000000000000000111e-01,8.426019289126678302e-01
2.000000000000000111e-01,8.274306921336491705e-01
2.000000000000000111e-01,8.134596363547490494e-01
2.000000000000000111e-01,7.937865795037664096e-01
2.000000000000000111e-01,7.754242273296559906e-01
2.000000000000000111e-01,7.502163314700815988e-01
2.000000000000000111e-01,7.182601561685321157e-01
2.000000000000000111e-01,6.846062456139783148e-01
2.000000000000000111e-01,6.494761943165401341e-01
2.000000000000000111e-01,6.130911527461718746e-01
2.000000000000000111e-01,5.756699759394359184e-01
2.000000000000000111e-01,5.374275336532119418e-01
2.000000000000000111e-01,4.985732052366061984e-01
2.000000000000000111e-01,4.593095736334984469e-01
2.000000000000000111e-01,4.198313247469308562e-01
2.000000000000000111e-01,3.803243510953112638e-01
2.000000000000000111e-01,3.409650524760799994e-01
2.000000000000000111e-01,3.019198213390342778e-01
2.000000000000000111e-01,2.633446967915300529e-01
2.000000000000000111e-01,2.253851685751893652e-01
2.000000000000000111e-01,1.881761108796923265e-01
2.000000000000000111e-01,1.518418253686355524e-01
2.000000000000000111e-01,1.164961731369673070e-01
2.000000000000000111e-01,8.224277634210719334e-02
2.000000000000000111e-01,4.917527179431419038e-02
2.000000000000000111e-01,1.737760070699062576e-02
2.000000000000000111e-01,-1.307567904094059097e-02
2.000000000000000111e-01,-4.211906951058769222e-02
2.000000000000000111e-01,-6.969580727378038576e-02
2.000000000000000111e-01,-9.575754283129955802e-02
2.000000000000000111e-01,-1.202640296828775268e-01
2.000000000000000111e-01,-1.431828259595692154e-01
2.000000000000000111e-01,-1.644890098586937466e-01
2.000000000000000111e-01,-1.841649086970876259e-01
2.000000000000000111e-01,-2.021998402329231448e-01
2.000000000000000111e-01,-2.185898640033029916e-01
2.000000000000000111e-01,-2.333375397793893136e-01
2.000000000000000111e-01,-2.464516898414218504e-01
2.000000000000000111e-01,-2.579471616051576266e-01
2.000000000000000111e-01,-2.678445871668874712e-01
2.000000000000000111e-01,-2.761701365502318706e-01
2.000000000000000111e-01,-2.829552618056363489e-01
2.000000000000000111e-01,-2.882364296021029393e-01
2.000000000000000111e-01,-2.920548405286397253e-01
2.000000000000000111e-01,-2.944561339586123649e-01
2.000000000000000111e-01,-2.954900779928769650e-01
2.000000000000000111e-01,-2.952102446588279472e-01
2.000000000000000111e-01,-2.936736711759005969e-01
2.000000000000000111e-01,-2.909405086812517083e-01
2.000000000000000111e-01,-2.870736603234452233e-01
2.000000000000000111e-01,-2.821384110624607922e-01
2.000000000000000111e-01,-2.762020518516188905e-01
2.000000000000000111e-01,-2.693335011152312441e-01
2.000000000000000111e-01,-2.616029265741355858e-01
2.000000000000000111e-01,-2.530813705124926871e-01
2.000000000000000111e-01,-2.438403815295470123e-01
2.000000000000000111e-01,-2.339516556887180354e-01
2.000000000000000111e-01,-2.234866897748602199e-01
2.000000000000000111e-01,-2.125164491112213616e-01
2.000000000000000111e-01,-2.011110520850880046e-01
2.000000000000000111e-01,-1.893394731978114975e-01
2.000000000000000111e-01,-1.772692661059142583e-01
2.000000000000000111e-01,-1.649663077660799559e-01
2.000000000000000111e-01,-1.524945644505489861e-01
2.000000000000000111e-01,-1.399158800695226024e-01
2.000000000000000111e-01,-1.272897869317486941e-01
2.000000000000000111e-01,-1.146733387994180453e-01
2.000000000000000111e-01,-1.021209658529612790e-01
2.000000000000000111e-01,-8.968435097758076235e-02
2.000000000000000111e-01,-7.741232661729843811e-02
2.000000000000000111e-01,-6.535079131310966849e-02
2.000000000000000111e-01,-5.354264494788997519e-02
2.000000000000000111e-01,-4.202774165903715164e-02
2.000000000000000111e-01,-3.084285934710762067e-02
2.000000000000000111e-01,-2.002168470089149555e-02
2.000000000000000111e-01,-9.594812672314725899e-03
2.000000000000000111e-01,4.102406360947802311e-04
2.000000000000000111e-01,9.969012666317375593e-03
2.000000000000000111e-01,1.906005763030005351e-02
2.000000000000000111e-01,2.766489915135512956e-02
2.000000000000000111e-01,3.576797316262828041e-02
2.000000000000000111e-01,4.335656183664225727e-02
2.000000000000000111e-01,5.042071927478233850e-02
2.000000000000000111e-01,5.695318963588266725e-02
2.000000000000000111e-01,6.294931834234264445e-02
2.000000000000000111e-01,6.840695696708572193e-02
2.000000000000000111e-01,7.332636237729775464e-02
2.000000000000000111e-01,7.771009068955495036e-02
2.000000000000000111e-01,8.156288657623941840e-02
2.000000000000000111e-01,8.489156845392514805e-02
2.000000000000000111e-01,8.770491007971770170e-02
2.000000000000000111e-01,9.001351908064314511e-02
2.000000000000000111e-01,9.182971294246017324e-02
2.000000000000000111e-01,9.316739298724327489e-02
2.000000000000000111e-01,9.404191687208199313e-02
2.000000000000000111e-01,9.446997014347026378e-02
2.000000000000000111e-01,9.446943738269730773e-02
2.000000000000000111e-01,9.405927347564839447e-02
2.000000000000000111e-01,9.325937553551978676e-02
2.000000000000000111e-01,9.209045599859350117e-02
2.000000000000000111e-01,9.057391740087018805e-02
2.000000000000000111e-01,8.873172932731704377e-02
2.000000000000000111e-01,8.658630800514077741e-02
2.000000000000000111e-01,8.416039898885263604e-02
2.000000000000000111e-01,8.147696335732683426e-02
2.000000000000000111e-01,7.855906781269811345e-02
2.000000000000000111e-01,7.542977903767938974e-02
2.000000000000000111e-01,7.211206263266607686e-02
2.000000000000000111e-01,6.862868691743227723e-02
2.000000000000000111e-01,6.500213184289986568e-02
2.000000000000000111e-01,6.125450322278695736e-02
2.000000000000000111e-01,5.740745245340217462e-02
2.000000000000000111e-01,5.348210185397431204e-02
2.000000000000000111e-01,4.949897572255520378e-02
2.000000000000000111e-01,4.547793716657507618e-02
2.000000000000000111e-01,4.143813073364530086e-02
2.000000000000000111e-01,3.739793083585699063e-02
2.000000000000000111e-01,3.337489593131882232e-02
2.000000000000000111e-01,2.938572839867462788e-02
2.000000000000000111e-01,2.544624001534940769e-02
2.000000000000000111e-01,2.157132292720848055e-02
2.000000000000000111e-01,1.777492597677864800e-02
2.000000000000000111e-01,1.407003623877865761e-02
2.000000000000000111e-01,1.046866559587156242e-02
2.000000000000000111e-01,6.981842172874695718e-03
2.000000000000000111e-01,3.619606436792960347e-03
2.000000000000000111e-01,3.910117580141619920e-04
2.000000000000000111e-01,-2.695870778637622645e-03
2.000000000000000111e-01,-5.633943533483697086e-03
2.000000000000000111e-01,-8.417069665559377689e-03
2.000000000000000111e-01,-1.104005691180305615e-02
2.000000000000000111e-01,-1.349863802302201515e-02
2.000000000000000111e-01,-1.097077885868822170e-02
2.000000000000000111e-01,-2.840481853722008621e-03
2.000000000000000111e-01,2.748789921782159029e-03
2.000000000000000111e-01,1.257263031835196762e-02
2.000000000000000111e-01,2.317715187588206480e-02
2.000000000000000111e-01,3.821106198543768734e-02
2.000000000000000111e-01,4.644830129689440229e-02
2.000000000000000111e-01,5.923621141192357553e-02
2.000000000000000111e-01,7.270487002404850407e-02
2.000000000000000111e-01,8.682914602493208012e-02
2.000000000000000111e-01,1.102031137118831550e-01
2.000000000000000111e-01,1.165248863095550841e-01
2.000000000000000111e-01,1.324506236666533610e-01
2.000000000000000111e-01,1.538071541122481289e-01
2.000000000000000111e-01,1.707842881736118257e-01
2.000000000000000111e-01,1.882645882777344015e-01
2.000000000000000111e-01,2.062246030616562975e-01
2.000000000000000111e-01,2.302497687494072243e-01
2.000000000000000111e-01,2.920491356106510450e-01
2.000000000000000111e-01,2.950206296319826116e-01
2.000000000000000111e-01,2.965983428574128222e-01
2.000000000000000111e-01,3.162964086102402761e-01
2.000000000000000111e-01,3.362976640093495728e-01
2.000000000000000111e-01,3.633690085235499190e-01
2.000000000000000111e-01,3.838231528958763739e-01
2.000000000000000111e-01,4.116798076226965142e-01
2.000000000000000111e-01,4.397459402322784205e-01
2.000000000000000111e-01,4.604336615876762906e-01
2.000000000000000111e-01,4.888845019238012846e-01
2.000000000000000111e-01,5.172796216927324497e-01
2.000000000000000111e-01,5.375256879588206083e-01
2.000000000000000111e-01,5.657482535384584788e-01
2.000000000000000111e-01,5.852901033941089182e-01
2.000000000000000111e-01,6.129102432016889646e-01
2.000000000000000111e-01,6.313562798944101218e-01
2.000000000000000111e-01,6.578864044028939206e-01
2.000000000000000111e-01,6.748115446793563343e-01
2.000000000000000111e-01,6.997242899327975607e-01
2.000000000000000111e-01,7.146876159234677450e-01
2.000000000000000111e-01,7.374411345677266416e-01
2.000000000000000111e-01,7.500082275829599299e-01
2.000000000000000111e-01,7.700760779342139539e-01
2.000000000000000111e-01,7.798434372037132967e-01
2.000000000000000111e-01,7.967452857776858854e-01
2.000000000000000111e-01,8.033637776719952939e-01
2.000000000000000111e-01,8.085090349064588677e-01
2.000000000000000111e-01,8.202862453193451309e-01
2.000000000000000111e-01,8.219266950163492957e-01
2.000000000000000111e-01,8.219765120048758700e-01
2.000000000000000111e-01,8.204249734256475746e-01
2.000000000000000111e-01,8.248342784022641982e-01
2.000000000000000111e-01,8.196029720308988242e-01
2.000000000000000111e-01,8.127671072160684851e-01
2.000000000000000111e-01,8.043521673560702911e-01
2.000000000000000111e-01,8.012084765317815105e-01
2.000000000000000111e-01,7.892701188391294531e-01
2.000000000000000111e-01,7.758618333782618670e-01
2.000000000000000111e-01,7.610415649850037489e-01
2.000000000000000111e-01,7.321812491212831286e-01
2.000000000000000111e-01,6.952907328227219130e-01
2.000000000000000111e-01,7.110176894421681437e-01
2.000000000000000111e-01,6.913285284965107191e-01
2.000000000000000111e-01,6.705840759970782550e-01
2.000000000000000111e-01,6.488709303716242438e-01
2.000000000000000111e-01,6.262784053640351178e-01
2.000000000000000111e-01,6.028979183637959149e-01
2.000000000000000111e-01,5.788223888552836982e-01
2.000000000000000111e-01,5.541456530665357372e-01
2.000000000000000111e-01,5.289619001910215168e-01
2.000000000000000111e-01,4.896544410765224509e-01
2.000000000000000111e-01,4.739072641689872634e-01
2.000000000000000111e-01,4.481610850893069653e-01
2.000000000000000111e-01,4.222719397216481152e-01
2.000000000000000111e-01,3.963267017255845959e-01
2.000000000000000111e-01,3.666882798917671105e-01
2.000000000000000111e-01,3.412265770093568240e-01
2.000000000000000111e-01,3.159511332827475427e-01
2.000000000000000111e-01,2.875403591554402949e-01
2.000000000000000111e-01,2.631829343762837059e-01
2.000000000000000111e-01,2.359913032181331916e-01
2.000000000000000111e-01,2.128033407197798266e-01
2.000000000000000111e-01,1.822011876203967207e-01
2.000000000000000111e-01,1.506386061781967434e-01
2.000000000000000111e-01,1.198472346625367724e-01
2.000000000000000111e-01,8.992318406173738232e-02
2.000000000000000111e-01,6.095402380008646537e-02
2.000000000000000111e-01,3.301893763346125388e-02
2.000000000000000111e-01,6.188909599340042256e-03
2.000000000000000111e-01,-1.947306860846298449e-02
2.000000000000000111e-01,-4.391177606927321175e-02
2.000000000000000111e-01,-6.707953268942873359e-02
2.000000000000000111e-01,-8.893596533675646176e-02
2.000000000000000111e-01,-1.094477732343316356e-01
2.000000000000000111e-01,-1.285884946338293755e-01
2.000000000000000111e-01,-1.463382757733108219e-01
2.000000000000000111e-01,-1.626836422663992809e-01
2.000000000000000111e-01,-1.776172723781756502e-01
2.000000000000000111e-01,-1.911377711189012896e-01
2.000000000000000111e-01,-2.032494437261227749e-01
2.000000000000000111e-01,-2.139620668998334363e-01
2.000000000000000111e-01,-2.232906560915456640e-01
2.000000000000000111e-01,-2.312552272107021578e-01
2.000000000000000111e-01,-2.378805512820905410e-01
2.000000000000000111e-01,-2.431959008468823347e-01
2.000000000000000111e-01,-2.472347872255838963e-01
2.000000000000000111e-01,-2.500346881339277072e-01
2.000000000000000111e-01,-2.516367655416143490e-01
2.000000000000000111e-01,-2.520855740690430835e-01
2.000000000000000111e-01,-2.514287606123256080e-01
2.000000000000000111e-01,-2.497167562552629339e-01
2.000000000000000111e-01,-2.470024618564714003e-01
2.000000000000000111e-01,-2.433409289796307773e-01
2.000000000000000111e-01,-2.387890380578870930e-01
2.000000000000000111e-01,-2.334051758449835479e-01
2.000000000000000111e-01,-2.272489143041899196e-01
2.000000000000000111e-01,-2.203806931221716503e-01
2.000000000000000111e-01,-2.128615080118753944e-01
2.000000000000000111e-01,-2.047526068911679487e-01
2.000000000000000111e-01,-1.961151958992063959e-01
2.000000000000000111e-01,-1.870101570475179997e-01
2.000000000000000111e-01,-1.774977791066387200e-01
2.000000000000000111e-01,-1.676375031091457690e-01
2.000000000000000111e-01,-1.574876836169658567e-01
2.000000000000000111e-01,-1.471053666596648934e-01
2.000000000000000111e-01,-1.365460850120022718e-01
2.000000000000000111e-01,-1.258636712469970442e-01
2.000000000000000111e-01,-1.151100887825561303e-01
2.000000000000000111e-01,-1.043352809384465729e-01
2.000000000000000111e-01,-9.358703784022269490e-02
2.000000000000000111e-01,-8.291088084926773183e-02
2.000000000000000111e-01,-7.234996406434218708e-02
2.000000000000000111e-01,-6.194499233106770530e-02
2.000000000000000111e-01,-5.173415510935149009e-02
2.000000000000000111e-01,-4.175307548536492941e-02
2.000000000000000111e-01,-3.203477357085783572e-02
2.000000000000000111e-01,-2.260964350728085492e-02
2.000000000000000111e-01,-1.350544328198370614e-02
2.000000000000000111e-01,-4.747296566616737712e-03
2.000000000000000111e-01,3.642294198684656314e-03
2.000000000000000111e-01,1.164342423160978635e-02
2.000000000000000111e-01,1.923875307425940151e-02
2.000000000000000111e-01,2.641346220077588069e-02
2.000000000000000111e-01,3.315520423577351938e-02
2.000000000000000111e-01,3.945404442390408606e-02
2.000000000000000111e-01,4.530239496186772019e-02
2.000000000000000111e-01,5.069494277758557210e-02
2.000000000000000111e-01,5.562857131879322958e-02
2.000000000000000111e-01,6.010227689323742462e-02
2.000000000000000111e-01,6.411708008656809288e-02
2.000000000000000111e-01,6.767593277145529662e-02
2.000000000000000111e-01,7.078362121137452001e-02
2.000000000000000111e-01,7.344666575591313196e-02
2.000000000000000111e-01,7.567321761879698683e-02
2.000000000000000111e-01,7.747295322656955197e-02
2.000000000000000111e-01,7.885696662283697700e-02
2.000000000000000111e-01,7.983766040979403678e-02
2.000000000000000111e-01,8.042863570569019904e-02
2.000000000000000111e-01,8.064458159213669375e-02
2.000000000000000111e-01,8.050116451895544811e-02
2.000000000000000111e-01,8.001491812609438925e-02
2.000000000000000111e-01,7.920313393170234917e-02
2.000000000000000111e-01,7.808375332225325760e-02
2.000000000000000111e-01,7.667526126508839024e-02
2.000000000000000111e-01,7.499658214539840773e-02
2.000000000000000111e-01,7.306697810876769394e-02
2.000000000000000111e-01,7.090595026760028452e-02
2.000000000000000111e-01,6.853314310375843710e-02
2.000000000000000111e-01,6.596825237339623560e-02
2.000000000000000111e-01,6.323093679078213569e-02
2.000000000000000111e-01,6.034073373837735288e-02
2.000000000000000111e-01,5.731697921965756004e-02
2.000000000000000111e-01,5.417873224080824168e-02
2.000000000000000111e-01,5.094470377549065176e-02
2.000000000000000111e-01,4.763319043721696983e-02
2.000000000000000111e-01,4.426201295296450233e-02
2.000000000000000111e-01,4.084845950320589725e-02
2.000000000000000111e-01,3.740923396497623787e-02
2.000000000000000111e-01,3.396040906831333112e-02
2.000000000000000111e-01,3.051738445106454145e-02
2.000000000000000111e-01,2.709484957354653389e-02
2.000000000000000111e-01,2.370675143283868316e-02
2.000000000000000111e-01,2.036626699619397893e-02
2.000000000000000111e-01,1.708578025511667958e-02
2.000000000000000111e-01,1.387686378461894243e-02
2.000000000000000111e-01,1.075026467785351880e-02
2.000000000000000111e-01,7.715894712695056668e-03
2.000000000000000111e-01,4.782824595465518663e-03
2.000000000000000111e-01,1.959282116877979207e-03
2.000000000000000111e-01,-7.473459534401219462e-04
2.000000000000000111e-01,-3.330508415660547034e-03
2.000000000000000111e-01,-5.784480815885371247e-03
2.000000000000000111e-01,-8.104353448314543379e-03
2.000000000000000111e-01,-1.028601637169754279e-02
2.000000000000000111e-01,-1.232614164544208399e-02
2.000000000000000111e-01,-1.422216298374236187e-02
2.000000000000000111e-01,-1.597225303122343579e-02
2.000000000000000111e-01,-1.757529846283634178e-02
2.000000000000000111e-01,-1.903087311084116634e-02
2.000000000000000111e-01,-2.033920932050878316e-02
2.000000000000000111e-01,-2.150116773481047794e-02
2.000000000000000111e-01,-2.251820570573587893e-02
2.000000000000000111e-01,-2.339234452728967267e-02
2.000000000000000111e-01,-2.412613568136557501e-02
2.000000000000000111e-01,-2.472262628412653235e-02
2.000000000000000111e-01,-2.518532391549679200e-02
2.000000000000000111e-01,-2.551816100938218701e-02
2.000000000000000111e-01,-2.572545897693299249e-02
2.000000000000000111e-01,-2.581189222846599213e-02
2.000000000000000111e-01,-2.578245225381100778e-02
2.000000000000000111e-01,-2.564241191352037430e-02
2.000000000000000111e-01,-2.539729008603782909e-02
2.000000000000000111e-01,-2.505281680866898453e-02
2.000000000000000111e-01,-2.461489904184014504e-02
2.000000000000000111e-01,-2.408958717816174142e-02
2.000000000000000111e-01,-2.348304240931925468e-02
2.000000000000000111e-01,-2.280150505526700247e-02
2.000000000000000111e-01,-2.205126395134454631e-02
2.000000000000000111e-01,-2.123862698054462816e-02
2.000000000000000111e-01,-2.036989282882412447e-02
2.000000000000000111e-01,-1.945132403271047569e-02
2.000000000000000111e-01,-1.848912138119918058e-02
2.000000000000000111e-01,-1.748939971860331150e-02
2.000000000000000111e-01,-1.645816520198615726e-02
2.000000000000000111e-01,-1.540129403646047813e-02
2.000000000000000111e-01,-1.432451272364789092e-02
2.000000000000000111e-01,-1.323337983853656828e-02
2.000000000000000111e-01,-1.213326934733060039e-02
2.000000000000000111e-01,-1.102935547027608827e-02
2.000000000000000111e-01,-9.926599086255368659e-03
2.000000000000000111e-01,-8.829735669929950070e-03
2.000000000000000111e-01,-7.743264745341564212e-03
2.000000000000000111e-01,-6.671440834312684746e-03
2.000000000000000111e-01,-5.618265872125728297e-03
2.000000000000000111e-01,-4.587483058216011711e-03
2.000000000000000111e-01,-3.582572103753440748e-03
2.000000000000000111e-01,-2.606745835671773689e-03
2.000000000000000111e-01,-1.662948109478900802e-03
2.000000000000000111e-01,-7.538529842018339144e-04
2.000000000000000111e-01,1.181348973868668467e-04
2.000000000000000111e-01,9.508787722520787439e-04
2.000000000000000111e-01,1.742507134176023501e-03
2.000000000000000111e-01,2.491410064776154384e-03
2.000000000000000111e-01,3.196234603841803870e-03
2.000000000000000111e-01,3.855879204317732428e-03
2.000000000000000111e-01,4.469487345616545218e-03
2.000000000000000111e-01,5.036440366661756179e-03
2.000000000000000111e-01,5.556349585768371666e-03
2.000000000000000111e-01,6.029047773147798439e-03
2.000000000000000111e-01,6.454580041633656284e-03
2.000000000000000111e-01,6.833194220074057836e-03
2.000000000000000111e-01,7.165330775539920614e-03
2.000000000000000111e-01,7.451612347036126217e-03
2.000000000000000111e-01,7.692832953254489375e-03
2.000000000000000111e-01,7.889946936056276006e-03
2.000000000000000111e-01,8.044057699249743468e-03
2.000000000000000111e-01,8.156406300300903661e-03
2.000000000000000111e-01,8.228359951037107767e-03
2.000000000000000111e-01,8.261400481369298929e-03
2.000000000000000111e-01,8.257112817833218293e-03
2.000000000000000111e-01,8.217173525724139060e-03
2.000000000000000111e-01,8.143339462508971532e-03
2.000000000000000111e-01,8.037436585920097395e-03
2.000000000000000111e-01,7.901348959457300813e-03
2.000000000000000111e-01,7.737007993397050122e-03
2.000000000000000111e-01,7.546381957877467891e-03
2.000000000000000111e-01,7.331465802041985461e-03
2.000000000000000111e-01,7.094271308729009455e-03
2.000000000000000111e-01,6.836817613982331364e-03
2.000000000000000111e-01,6.561122114671207387e-03
2.000000000000000111e-01,6.269191797770605999e-03
2.000000000000000111e-01,5.963014944374934144e-03
2.000000000000000111e-01,5.644553419954191284e-03
2.000000000000000111e-01,5.315735240332808594e-03
2.000000000000000111e-01,4.978447750730085296e-03
2.000000000000000111e-01,4.634531230366343083e-03
2.000000000000000111e-01,4.285772993523668042e-03
2.000000000000000111e-01,3.933901984102900797e-03
2.000000000000000111e-01,3.580583862509339153e-03
2.000000000000000111e-01,3.227416586195610160e-03
2.000000000000000111e-01,2.875926480089337212e-03
2.000000000000000111e-01,2.527564792800775489e-03
2.000000000000000111e-01,2.183704732289378295e-03
2.000000000000000111e-01,1.845638970110078346e-03
2.000000000000000111e-01,1.514577609021276142e-03
2.000000000000000111e-01,1.191646596545495491e-03
2.000000000000000111e-01,8.778865767983252792e-04
2.000000000000000111e-01,5.742521605143716817e-04
2.000000000000000111e-01,2.816116050274662490e-04
2.000000000000000111e-01,7.468795097912046821e-07
2.000000000000000111e-01,-2.676461748006512403e-04
2.000000000000000111e-01,-5.229559223623213640e-04
2.000000000000000111e-01,-7.646555268325380336e-04
2.000000000000000111e-01,-9.923003475375137376e-04
2.000000000000000111e-01,-1.205526504455760317e-03
2.000000000000000111e-01,-1.404048866539616292e-03
2.000000000000000111e-01,-1.587658793135099302e-03
2.000000000000000111e-01,-1.756221641921121811e-03
2.000000000000000111e-01,-1.909674066405442003e-03
2.000000000000000111e-01,-2.048021124015589160e-03
2.000000000000000111e-01,-2.171333216342693443e-03
2.000000000000000111e-01,-2.279742881172041984e-03
2.000000000000000111e-01,-2.373441456789667729e-03
2.000000000000000111e-01,-2.452675640302270053e-03
2.000000000000000111e-01,-2.517743957652077667e-03
2.000000000000000111e-01,-2.568993165864077999e-03
2.000000000000000111e-01,-2.606814605754279469e-03
2.000000000000000111e-01,-2.631640522818454089e-03
2.000000000000000111e-01,-2.643940374017563454e-03
2.000000000000000111e-01,-2.644217137914379491e-03
2.000000000000000111e-01,-2.633003641587056132e-03
2.000000000000000111e-01,-2.610858922542860436e-03
2.000000000000000111e-01,-2.578364637455618762e-03
2.000000000000000111e-01,-2.536121533336074645e-03
2.000000000000000111e-01,-2.484745990718133409e-03
2.000000000000000111e-01,-2.424866655632357346e-03
2.000000000000000111e-01,-2.357121163897697713e-03
2.000000000000000111e-01,-2.282152974969625832e-03
2.000000000000000111e-01,-2.200608320363068270e-03
2.000000000000000111e-01,-2.113133275418306763e-03
2.000000000000000111e-01,-2.020370958863831716e-03
2.000000000000000111e-01,-1.922958880999458501e-03
2.000000000000000111e-01,-1.821526411432939111e-03
2.000000000000000111e-01,-1.716692422372573246e-03
2.000000000000000111e-01,-1.609063061648479927e-03
2.000000000000000111e-01,-1.499229686872128112e-03
2.000000000000000111e-01,-1.387766957076576541e-03
2.000000000000000111e-01,-1.275231079835692895e-03
2.000000000000000111e-01,-1.162158214533726662e-03
2.000000000000000111e-01,-1.049063038246161698e-03
2.000000000000000111e-01,-9.364374635899006590e-04
2.000000000000000111e-01,-8.247495154237991823e-04
2.000000000000000111e-01,-7.144423606875485418e-04
2.000000000000000111e-01,-6.059334883345945640e-04
2.000000000000000111e-01,-4.996140372307510385e-04
2.000000000000000111e-01,-3.958482691561498101e-04
2.000000000000000111e-01,-2.949731817284428643e-04
2.000000000000000111e-01,-1.972982577912790400e-04
2.000000000000000111e-01,-1.031053385353111491e-04
2.000000000000000111e-01,-1.264863494314968483e-05
2.000000000000000111e-01,7.384516337630197061e-05
2.000000000000000111e-01,1.561766028431349528e-04
2.000000000000000111e-01,2.341731914062704541e-04
2.000000000000000111e-01,3.076889039048114321e-04
2.000000000000000111e-01,3.766036527395560767e-04
2.000000000000000111e-01,4.408226558219527358e-04
2.000000000000000111e-01,5.002757227645552402e-04
2.000000000000000111e-01,5.549164700650586254e-04
2.000000000000000111e-01,6.047214633651550693e-04
2.000000000000000111e-01,6.496892997595734524e-04
2.000000000000000111e-01,6.898396362975733670e-04
2.000000000000000111e-01,7.252121675436797033e-04
2.000000000000000111e-01,7.558655657568019628e-04
2.000000000000000111e-01,7.818763806165747498e-04
2.000000000000000111e-01,8.033379152134180684e-04
2.000000000000000111e-01,8.203590752880698294e-04
2.000000000000000111e-01,8.330632037061294279e-04
2.000000000000000111e-01,8.415869047560095486e-04
2.000000000000000111e-01,8.460788615709724427e-04
2.000000000000000111e-01,8.466986527331102960e-04
2.000000000000000111e-01,8.436155786444993199e-04
2.000000000000000111e-01,8.370074928794870792e-04
2.000000000000000111e-01,8.270596500414273671e-04
2.000000000000000111e-01,8.139635738956721000e-04
2.000000000000000111e-01,7.979159471158850207e-04
2.000000000000000111e-01,7.791175276922015277e-04
2.000000000000000111e-01,7.577720978052349208e-04
2.000000000000000111e-01,7.340854439765857366e-04
2.000000000000000111e-01,7.082643761348980833e-04
2.000000000000000111e-01,6.805157822997498539e-04
2.000000000000000111e-01,6.510457251186148363e-04
2.000000000000000111e-01,6.200585950858715761e-04
2.000000000000000111e-01,5.877562829294778485e-04
2.000000000000000111e-01,5.543374200991967645e-04
2.000000000000000111e-01,5.199966665943127342e-04
2.000000000000000111e-01,4.849240352014800443e-04
2.000000000000000111e-01,4.493042776052941461e-04
2.000000000000000111e-01,4.133163121351057919e-04
2.000000000000000111e-01,3.771327096929356784e-04
2.000000000000000111e-01,3.409192247214418874e-04
2.000000000000000111e-01,3.048343805569583712e-04
2.000000000000000111e-01,2.690290987404766803e-04
2.000000000000000111e-01,2.336463854395827628e-04
2.000000000000000111e-01,1.988210621346014591e-04
2.000000000000000111e-01,1.646795383653916955e-04
2.000000000000000111e-01,1.313396421500156270e-04
2.000000000000000111e-01,9.891048877658459521e-05
2.000000000000000111e-01,6.749239645510794316e-05
2.000000000000000111e-01,3.717683090898846231e-05
2.000000000000000111e-01,8.046419658782331171e-06
2.000000000000000111e-01,-1.982502304506846523e-05
2.000000000000000111e-01,-4.637244006261458584e-05
2.000000000000000111e-01,-7.153941641814954948e-05
2.000000000000000111e-01,-9.527801315352245207e-05
2.000000000000000111e-01,-1.175486285347806257e-04
2.000000000000000111e-01,-1.383197932350526500e-04
2.000000000000000111e-01,-1.575679491339693401e-04
2.000000000000000111e-01,-1.752771901287784938e-04
2.000000000000000111e-01,-1.914389976803657230e-04
2.000000000000000111e-01,-2.060519485854651780e-04
2.000000000000000111e-01,-2.191214083989323123e-04
2.000000000000000111e-01,-2.306592026105719849e-04
2.000000000000000111e-01,-2.406832785576880915e-04
2.000000000000000111e-01,-2.492173612377734547e-04
2.000000000000000111e-01,-2.562905856210684038e-04
2.000000000000000111e-01,-2.619371358224494885e-04
2.000000000000000111e-01,-2.661958710095108224e-04
2.000000000000000111e-01,-2.691099459017911536e-04
2.000000000000000111e-01,-2.707264382696970601e-04
2.000000000000000111e-01,-2.710959652707028381e-04
2.000000000000000111e-01,-2.702723108496692507e-04
2.000000000000000111e-01,-2.683120457603487322e-04
2.000000000000000111e-01,-2.652741664761193159e-04
2.000000000000000111e-01,-2.612197225972267178e-04
2.000000000000000111e-01,-2.562114667751438229e-04
2.000000000000000111e-01,-2.503135043356140158e-04
2.000000000000000111e-01,-2.435909546696798066e-04
2.000000000000000111e-01,-2.361096259571928975e-04
2.000000000000000111e-01,-2.279356933851352978e-04
2.000000000000000111e-01,-2.191354040644884877e-04
2.000000000000000111e-01,-2.097747887526895739e-04
2.000000000000000111e-01,-1.999193453812310559e-04
2.000000000000000111e-01,-1.896338385429957064e-04
2.000000000000000111e-01,-1.789820369215312367e-04
2.000000000000000111e-01,-1.680264282852352053e-04
2.000000000000000111e-01,-1.568280716553679694e-04
2.000000000000000111e-01,-1.454463573476424195e-04
2.000000000000000111e-01,-1.339388337365790202e-04
2.000000000000000111e-01,-1.223610407013530168e-04
2.000000000000000111e-01,-1.107663582083970972e-04
2.000000000000000111e-01,-9.920586161607180772e-05
2.000000000000000111e-01,-8.772822123761570869e-05
2.000000000000000111e-01,-7.637957061535898136e-05
2.000000000000000111e-01,-6.520344835469300479e-05
2.000000000000000111e-01,-5.424070282187231067e-05
2.000000000000000111e-01,-4.352944501163256107e-05
2.000000000000000111e-01,-3.310499111125244916e-05
2.000000000000000111e-01,-2.299986637357853843e-05
2.000000000000000111e-01,-1.324373213720022582e-05
2.000000000000000111e-01,-3.863468001923076826e-06
2.000000000000000111e-01,5.116901224554683205e-06
2.000000000000000111e-01,1.367616932057616464e-05
2.000000000000000111e-01,2.179593728810603299e-05
2.000000000000000111e-01,2.946042777675812751e-05
2.000000000000000111e-01,3.665660033624391521e-05
2.000000000000000111e-01,4.337402958099763990e-05
2.000000000000000111e-01,4.960480678720911038e-05
2.000000000000000111e-01,5.534351319701290956e-05
2.000000000000000111e-01,6.058709016373958734e-05
2.000000000000000111e-01,6.533477056344366826e-05
2.000000000000000111e-01,6.958796058404608572e-05
2.000000000000000111e-01,7.335017467961645499e-05
2.000000000000000111e-01,7.662688473984019533e-05
2.000000000000000111e-01,7.942543277030511258e-05
2.000000000000000111e-01,8.175490625917523804e-05
2.000000000000000111e-01,8.362602796059420977e-05
2.000000000000000111e-01,8.505103807115749637e-05
2.000000000000000111e-01,8.604356708389593040e-05
2.000000000000000111e-01,8.661851827294238791e-05
2.000000000000000111e-01,1.168208080715376317e-02
2.000000000000000111e-01,5.585780910400726940e-02
2.000000000000000111e-01,9.605198684252484742e-02
2.000000000000000111e-01,1.330961432716345760e-01
2.000000000000000111e-01,1.580529098056390747e-01
2.000000000000000111e-01,1.915583410307037937e-01
2.000000000000000111e-01,2.054721914978177577e-01
2.000000000000000111e-01,2.412836761351928594e-01
2.000000000000000111e-01,2.624346010351039649e-01
2.000000000000000111e-01,2.827934115253726288e-01
2.000000000000000111e-01,3.023321521197689377e-01
2.000000000000000111e-01,3.210294705300335005e-01
2.000000000000000111e-01,3.388702701650685434e-01
2.000000000000000111e-01,3.558453983232424678e-01
2.000000000000000111e-01,3.597483314850351555e-01
2.000000000000000111e-01,3.580484992234054253e-01
2.000000000000000111e-01,3.996583640739426735e-01
2.000000000000000111e-01,4.093747298945052959e-01
2.000000000000000111e-01,4.225122918667817973e-01
2.000000000000000111e-01,4.306399594360370009e-01
2.000000000000000111e-01,4.423566012846876228e-01
2.000000000000000111e-01,4.489862849474193229e-01
2.000000000000000111e-01,4.594068817658181203e-01
2.000000000000000111e-01,4.646625812468941907e-01
2.000000000000000111e-01,4.693288556475491702e-01
2.000000000000000111e-01,4.782001119202569650e-01
2.000000000000000111e-01,4.817377788918076886e-01
2.000000000000000111e-01,4.848206741107282669e-01
2.000000000000000111e-01,4.875022740297260682e-01
2.000000000000000111e-01,4.898375081655819141e-01
2.000000000000000111e-01,4.972807198353286773e-01
2.000000000000000111e-01,4.989955644813595659e-01
2.000000000000000111e-01,5.005210443088851102e-01
2.000000000000000111e-01,4.899672970074053224e-01
2.000000000000000111e-01,4.721407798782282228e-01
2.000000000000000111e-01,4.530585806551610806e-01
2.000000000000000111e-01,4.328578300533476031e-01
2.000000000000000111e-01,5.226864759219045364e-01
2.000000000000000111e-01,5.244471746762260356e-01
2.000000000000000111e-01,5.263324396007417194e-01
2.000000000000000111e-01,5.283914011177519576e-01
2.000000000000000111e-01,5.306699311309295286e-01
2.000000000000000111e-01,5.332101307995202877e-01
2.000000000000000111e-01,5.360498055277129748e-01
2.000000000000000111e-01,5.392219301766739692e-01
2.000000000000000111e-01,5.427541090307979044e-01
2.000000000000000111e-01,5.466680368408767254e-01
2.000000000000000111e-01,5.509789692941038375e-01
2.000000000000000111e-01,5.556952134651717001e-01
2.000000000000000111e-01,5.608176510895759304e-01
2.000000000000000111e-01,5.663393097402751319e-01
2.000000000000000111e-01,5.722449990137512543e-01
2.000000000000000111e-01,5.689763376470824419e-01
2.000000000000000111e-01,5.758897205196048530e-01
2.000000000000000111e-01,5.730600299255081964e-01
2.000000000000000111e-01,5.487688087838316076e-01
2.000000000000000111e-01,6.009726611584420564e-01
2.000000000000000111e-01,6.089635324166982056e-01
2.000000000000000111e-01,6.065950475773420614e-01
2.000000000000000111e-01,6.151062519851766552e-01
2.000000000000000111e-01,6.235558610976034144e-01
2.000000000000000111e-01,6.318474122225354872e-01
2.000000000000000111e-01,6.291926272306952450e-01
2.000000000000000111e-01,6.374738490217590758e-01
2.000000000000000111e-01,6.453388218912574636e-01
2.000000000000000111e-01,6.419648524977049631e-01
2.000000000000000111e-01,6.271065995867465270e-01
2.000000000000000111e-01,6.464363016068234158e-01
2.000000000000000111e-01,6.531529012413478386e-01
2.000000000000000111e-01,6.483441516811833116e-01
2.000000000000000111e-01,6.540407786280210134e-01
2.000000000000000111e-01,6.482241831324421222e-01
2.000000000000000111e-01,6.420467170938820578e-01
2.000000000000000111e-01,6.461868802172824333e-01
2.000000000000000111e-01,6.491240596084385528e-01
2.000000000000000111e-01,6.408871262812895209e-01
2.000000000000000111e-01,6.321956282655508685e-01
2.000000000000000111e-01,6.329979695787687488e-01
2.000000000000000111e-01,4.393787014781926348e-01
2.000000000000000111e-01,4.005619540507869836e-01
2.000000000000000111e-01,3.617698706846491641e-01
2.000000000000000111e-01,3.231727571678448263e-01
2.000000000000000111e-01,2.849310264512684987e-01
2.000000000000000111e-01,2.471949042715792522e-01
2.000000000000000111e-01,2.101042731234381566e-01
2.000000000000000111e-01,1.737886352313309790e-01
2.000000000000000111e-01,1.383671749456891198e-01
2.000000000000000111e-01,1.039489015115297454e-01
2.000000000000000111e-01,7.063285427915055870e-02
2.000000000000000111e-01,3.850835400118102214e-02
2.000000000000000111e-01,7.655285750159501745e-03
2.000000000000000111e-01,-2.185559892864175069e-02
2.000000000000000111e-01,-4.996237085068577777e-02
2.000000000000000111e-01,-7.661161107946556914e-02
2.000000000000000111e-01,-1.017581038648384673e-01
2.000000000000000111e-01,-1.253645387028305414e-01
2.000000000000000111e-01,-1.474012238481240966e-01
2.000000000000000111e-01,-1.678458120903499884e-01
2.000000000000000111e-01,-1.866830383243019975e-01
2.000000000000000111e-01,-2.039044674109517508e-01
2.000000000000000111e-01,-2.195082500434195061e-01
2.000000000000000111e-01,-2.334988837909697246e-01
2.000000000000000111e-01,-2.458869761837813028e-01
2.000000000000000111e-01,-2.566890066020816041e-01
2.000000000000000111e-01,-2.659270838240882506e-01
2.000000000000000111e-01,-2.736286963402884131e-01
2.000000000000000111e-01,-2.798264529310059423e-01
2.000000000000000111e-01,-2.845578114980072959e-01
2.000000000000000111e-01,-2.878647947103298854e-01
2.000000000000000111e-01,-2.897936916386406603e-01
2.000000000000000111e-01,-2.903947451828949866e-01
2.000000000000000111e-01,-2.897218257186109369e-01
2.000000000000000111e-01,-2.878320919730992244e-01
2.000000000000000111e-01,-2.847856406749060265e-01
2.000000000000000111e-01,-2.806451469808278754e-01
2.000000000000000111e-01,-2.754754980625827576e-01
2.000000000000000111e-01,-2.693434225222392508e-01
2.000000000000000111e-01,-2.623171184974617542e-01
2.000000000000000111e-01,-2.544658834152928595e-01
2.000000000000000111e-01,-2.458597483600788169e-01
2.000000000000000111e-01,-2.365691199444698856e-01
2.000000000000000111e-01,-2.266644324216892104e-01
2.000000000000000111e-01,-2.162158125630990468e-01
2.000000000000000111e-01,-2.052927595620172019e-01
2.000000000000000111e-01,-1.939638419223791710e-01
2.000000000000000111e-01,-1.822964129664133570e-01
2.000000000000000111e-01,-1.703563462578351895e-01
2.000000000000000111e-01,-1.582077918998882893e-01
2.000000000000000111e-01,-1.459129543400457529e-01
2.000000000000000111e-01,-1.335318920041730362e-01
2.000000000000000111e-01,-1.211223387990793127e-01
2.000000000000000111e-01,-1.087395472689485498e-01
2.000000000000000111e-01,-9.643615297148161458e-02
2.000000000000000111e-01,-8.426205945516619666e-02
2.000000000000000111e-01,-7.226434307066310903e-02
2.000000000000000111e-01,-6.048717673531568695e-02
2.000000000000000111e-01,-4.897177168905703093e-02
2.000000000000000111e-01,-3.775633622825234903e-02
2.000000000000000111e-01,-2.687605037975407396e-02
2.000000000000000111e-01,-1.636305547477728828e-02
2.000000000000000111e-01,-6.246457598716934068e-03
2.000000000000000111e-01,3.447656076419225446e-03
2.000000000000000111e-01,1.269618902887136025e-02
2.000000000000000111e-01,2.147899609645197161e-02
2.000000000000000111e-01,2.977883401065312130e-02
2.000000000000000111e-01,3.758130255367539418e-02
2.000000000000000111e-01,4.487477708627572726e-02
2.000000000000000111e-01,5.165033314622495542e-02
2.000000000000000111e-01,5.790166377414975030e-02
2.000000000000000111e-01,6.362499018677435225e-02
2.000000000000000111e-01,6.881896638623592743e-02
2.000000000000000111e-01,7.348457827040973112e-02
2.000000000000000111e-01,7.762503779050954067e-02
2.000000000000000111e-01,8.124567268974910994e-02
2.000000000000000111e-01,8.435381234946849605e-02
2.000000000000000111e-01,8.695867026519797649e-02
2.000000000000000111e-01,8.907122367456368761e-02
2.000000000000000111e-01,9.070409086043247637e-02
2.000000000000000111e-01,9.187140665453125132e-02
2.000000000000000111e-01,9.258869666913768781e-02
2.000000000000000111e-01,9.287275078488045621e-02
2.000000000000000111e-01,9.274149642255900827e-02
2.000000000000000111e-01,9.221387212229824326e-02
2.000000000000000111e-01,9.130970194773924131e-02
2.000000000000000111e-01,9.004957122210370535e-02
2.000000000000000111e-01,8.845470408941838447e-02
2.000000000000000111e-01,8.654684337685174256e-02
2.000000000000000111e-01,8.434813321193158908e-02
2.000000000000000111e-01,8.188100482472272790e-02
2.000000000000000111e-01,7.916806593599649833e-02
2.000000000000000111e-01,7.623199410209254012e-02
2.000000000000000111e-01,7.309543435379196874e-02
2.000000000000000111e-01,6.978090143140286417e-02
2.000000000000000111e-01,6.631068688198882288e-02
2.000000000000000111e-01,6.270677124657589308e-02
2.000000000000000111e-01,5.899074152974268653e-02
2.000000000000000111e-01,5.518371410358578755e-02
2.000000000000000111e-01,5.130626316421438293e-02
2.000000000000000111e-01,4.737835482174188734e-02
2.000000000000000111e-01,4.341928687080758714e-02
2.000000000000000111e-01,3.944763425654441297e-02
2.000000000000000111e-01,3.548120021985898265e-02
2.000000000000000111e-01,3.153697307767887315e-02
2.000000000000000111e-01,2.763108856757697657e-02
2.000000000000000111e-01,2.377879766182734028e-02
2.000000000000000111e-01,1.999443973488410076e-02
2.000000000000000111e-01,1.629142094802678992e-02
2.000000000000000111e-01,1.268219769827018395e-02
2.000000000000000111e-01,9.178264963104525165e-03
2.000000000000000111e-01,5.790149359454828393e-03
2.000000000000000111e-01,2.527406724176339825e-03
2.000000000000000111e-01,-6.013759867387891145e-04
2.000000000000000111e-01,-3.588574689908009818e-03
2.000000000000000111e-01,-6.427518278870891777e-03
2.000000000000000111e-01,-9.112475052370540285e-03
2.000000000000000111e-01,-1.163863570809122588e-02
2.000000000000000111e-01,-1.400209311992323818e-02
2.000000000000000111e-01,-1.619981913518126621e-02
2.000000000000000111e-01,-1.822963862331759138e-02
2.000000000000000111e-01,-2.009020100908228898e-02
2.000000000000000111e-01,-2.178094952263671252e-02
2.000000000000000111e-01,-2.330208839745038368e-02
2.000000000000000111e-01,-2.465454824529630939e-02
2.000000000000000111e-01,-2.583994983465601192e-02
2.000000000000000111e-01,-2.686056649602298896e-02
2.000000000000000111e-01,-1.954248783033105119e-02
2.000000000000000111e-01,-1.308272742782390710e-02
2.000000000000000111e-01,-2.450476446668021190e-03
2.000000000000000111e-01,8.957476777183108474e-03
2.000000000000000111e-01,2.111123972459238995e-02
2.000000000000000111e-01,3.398099344012146805e-02
2.000000000000000111e-01,4.753713185784513851e-02
2.000000000000000111e-01,6.175038226313162015e-02
2.000000000000000111e-01,7.659190452571917884e-02
2.000000000000000111e-01,9.203336675729595351e-02
2.000000000000000111e-01,1.124530624162094761e-01
2.000000000000000111e-01,1.243908052934556835e-01
2.000000000000000111e-01,1.414592102830676268e-01
2.000000000000000111e-01,1.639564219604548456e-01
2.000000000000000111e-01,1.819421967488193403e-01
2.000000000000000111e-01,2.056077266794928970e-01
2.000000000000000111e-01,2.243957670681052396e-01
2.000000000000000111e-01,2.435580007013280202e-01
2.000000000000000111e-01,3.016128098506988264e-01
2.000000000000000111e-01,3.046529942984831929e-01
2.000000000000000111e-01,3.062563840924806824e-01
2.000000000000000111e-01,3.329767926783808174e-01
2.000000000000000111e-01,3.534276110688483463e-01
2.000000000000000111e-01,3.809583245527803363e-01
2.000000000000000111e-01,4.017077199097826012e-01
2.000000000000000111e-01,4.298676904678100374e-01
2.000000000000000111e-01,4.581542708697640132e-01
2.000000000000000111e-01,4.789014411151086836e-01
2.000000000000000111e-01,5.074105653824775297e-01
2.000000000000000111e-01,5.357771954079035837e-01
2.000000000000000111e-01,5.558460117131975853e-01
2.000000000000000111e-01,5.838741455485112475e-01
2.000000000000000111e-01,6.030861145028805215e-01
2.000000000000000111e-01,6.303467731584542211e-01
2.000000000000000111e-01,6.483157616571388893e-01
2.000000000000000111e-01,6.743257265539169820e-01
2.000000000000000111e-01,6.906353674022273070e-01
2.000000000000000111e-01,7.148760882921906257e-01
2.000000000000000111e-01,7.290979642525108328e-01
2.000000000000000111e-01,7.510414241908160982e-01
2.000000000000000111e-01,7.627575595201104841e-01
2.000000000000000111e-01,7.818961591806398159e-01
2.000000000000000111e-01,7.907231294858599879e-01
2.000000000000000111e-01,8.065997520627465889e-01
2.000000000000000111e-01,8.122113792876168858e-01
2.000000000000000111e-01,8.163274595457820082e-01
2.000000000000000111e-01,8.189161843562542398e-01
2.000000000000000111e-01,8.279618363971464889e-01
2.000000000000000111e-01,8.269627427831344191e-01
2.000000000000000111e-01,8.243601621419085479e-01
2.000000000000000111e-01,8.276323880003517708e-01
2.000000000000000111e-01,8.213629574900398467e-01
2.000000000000000111e-01,8.135032369325382318e-01
2.000000000000000111e-01,8.040835070944238883e-01
2.000000000000000111e-01,7.931415464776542246e-01
2.000000000000000111e-01,7.807223289242871678e-01
2.000000000000000111e-01,7.733084752070827905e-01
2.000000000000000111e-01,7.576310195791660096e-01
2.000000000000000111e-01,7.215417821285404765e-01
2.000000000000000111e-01,6.839248353116426093e-01
2.000000000000000111e-01,7.059092450294601750e-01
2.000000000000000111e-01,6.855447922303057329e-01
2.000000000000000111e-01,6.641665362463265998e-01
2.000000000000000111e-01,6.418628452553352126e-01
2.000000000000000111e-01,6.187244818258862411e-01
2.000000000000000111e-01,5.948439966917491439e-01
2.000000000000000111e-01,5.703151354187848687e-01
2.000000000000000111e-01,5.452322637633496560e-01
2.000000000000000111e-01,5.152369717383437075e-01
2.000000000000000111e-01,4.897136834776160685e-01
2.000000000000000111e-01,4.639168930468906549e-01
2.000000000000000111e-01,4.379363447493970773e-01
2.000000000000000111e-01,4.118600845220979911e-01
2.000000000000000111e-01,3.819747780325385422e-01
2.000000000000000111e-01,3.525078079093134087e-01
2.000000000000000111e-01,3.309844744052667931e-01
2.000000000000000111e-01,3.022327384742680145e-01
2.000000000000000111e-01,2.775845630353697135e-01
2.000000000000000111e-01,2.533015201564935426e-01
2.000000000000000111e-01,2.262988046716197521e-01
2.000000000000000111e-01,2.032551590955485321e-01
2.000000000000000111e-01,1.779855675678541083e-01
2.000000000000000111e-01,1.572852494309583127e-01
2.000000000000000111e-01,1.379445051885598017e-01
2.000000000000000111e-01,1.165486962131474791e-01
2.000000000000000111e-01,1.002177217316342073e-01
2.000000000000000111e-01,8.544090318915817384e-02
2.000000000000000111e-01,6.842980917329546942e-02
2.000000000000000111e-01,5.698654129850655448e-02
2.000000000000000111e-01,4.723510896283381055e-02
2.000000000000000111e-01,3.920767372905548109e-02
2.000000000000000111e-01,4.149195045012418759e-02
2.000000000000000111e-01,2.800794140434439972e-02
2.000000000000000111e-01,2.527238511711804581e-02
2.000000000000000111e-01,2.433522894304349093e-02
2.000000000000000111e-01,2.520016318690465607e-02
2.000000000000000111e-01,2.786504927868525827e-02
2.000000000000000111e-01,3.770053016987541528e-02
2.000000000000000111e-01,4.389139205374881225e-02
2.000000000000000111e-01,9.962310248887423780e-02
2.000000000000000111e-01,9.344041165433113194e-02
2.000000000000000111e-01,8.712680770539164843e-02
2.000000000000000111e-01,9.360074723069049252e-02
2.000000000000000111e-01,1.145384460127113896e-01
2.000000000000000111e-01,1.304339662416979795e-01
2.000000000000000111e-01,1.548259969897499977e-01
2.000000000000000111e-01,1.807601668962186547e-01
2.000000000000000111e-01,2.081308891417145979e-01
2.000000000000000111e-01,2.292645429220317721e-01
2.000000000000000111e-01,2.593321727140480148e-01
2.000000000000000111e-01,2.904570033282415364e-01
2.000000000000000111e-01,3.224686635180107341e-01
2.000000000000000111e-01,3.551805442186468653e-01
2.000000000000000111e-01,3.883908166128476891e-01
2.000000000000000111e-01,4.218840167133537378e-01
2.000000000000000111e-01,4.469149553881511805e-01
2.000000000000000111e-01,4.806793839509606592e-01
2.000000000000000111e-01,5.140718972401243647e-01
2.000000000000000111e-01,5.468458052456308671e-01
2.000000000000000111e-01,5.701398605507743689e-01
2.000000000000000111e-01,6.014724186999542699e-01
2.000000000000000111e-01,6.229160464870887592e-01
2.000000000000000111e-01,6.520251233044402905e-01
2.000000000000000111e-01,6.794431054804321857e-01
2.000000000000000111e-01,6.967293862298060692e-01
2.000000000000000111e-01,7.208406035572170190e-01
2.000000000000000111e-01,7.347883006891136048e-01
2.000000000000000111e-01,7.471195167323999575e-01
2.000000000000000111e-01,7.656282902527423717e-01
2.000000000000000111e-01,7.740787420292241094e-01
2.000000000000000111e-01,7.807168328362676935e-01
2.000000000000000111e-01,7.928532547402801223e-01
2.000000000000000111e-01,7.953143017189893138e-01
2.000000000000000111e-01,7.958822545685402261e-01
2.000000000000000111e-01,7.945615411394437722e-01
2.000000000000000111e-01,7.979599531495715770e-01
2.000000000000000111e-01,7.924526962409896846e-01
2.000000000000000111e-01,7.851185675288236965e-01
2.000000000000000111e-01,7.568223882822129323e-01
2.000000000000000111e-01,7.265066645163258396e-01
2.000000000000000111e-01,7.555638933942894209e-01
2.000000000000000111e-01,7.415772479308183618e-01
2.000000000000000111e-01,7.260565938324998747e-01
2.000000000000000111e-01,7.090849475071582253e-01
2.000000000000000111e-01,6.907506845609582280e-01
2.000000000000000111e-01,6.711468288428861229e-01
2.000000000000000111e-01,6.503703324767610150e-01
2.000000000000000111e-01,6.285213545783152611e-01
2.000000000000000111e-01,6.011994441104345777e-01
2.000000000000000111e-01,5.822378717152170147e-01
2.000000000000000111e-01,5.536330358817553865e-01
2.000000000000000111e-01,5.289107929273570985e-01
2.000000000000000111e-01,5.036376900944127266e-01
2.000000000000000111e-01,4.779170707437057630e-01
2.000000000000000111e-01,4.481652195021431639e-01
2.000000000000000111e-01,4.221963265833832413e-01
2.000000000000000111e-01,3.960775863262160912e-01
2.000000000000000111e-01,3.665419395527166335e-01
2.000000000000000111e-01,3.407265049124061917e-01
2.000000000000000111e-01,3.118362880287559591e-01
2.000000000000000111e-01,2.837584785187088898e-01
2.000000000000000111e-01,2.348659681474881689e-01
2.000000000000000111e-01,1.847743521011003254e-01
2.000000000000000111e-01,1.301518997079909035e-01
2.000000000000000111e-01,7.757303830892803287e-02
2.000000000000000111e-01,1.977009623435027619e-02
2.000000000000000111e-01,-3.989647490263353857e-02
2.000000000000000111e-01,-1.016173659349562386e-01
2.000000000000000111e-01,-2.707402424299256705e-01
2.000000000000000111e-01,-3.064260938982595328e-01
2.000000000000000111e-01,-3.393737847686280062e-01
2.000000000000000111e-01,-3.918301642790252837e-01
2.000000000000000111e-01,-4.854100059973007752e-01
2.000000000000000111e-01,-5.757654365293509713e-01
2.000000000000000111e-01,-6.802891602926497416e-01
2.000000000000000111e-01,-7.787208029441131663e-01
2.000000000000000111e-01,-8.793158105038085814e-01
2.000000000000000111e-01,-9.690707983442748974e-01
2.000000000000000111e-01,-1.184060369883691344e+00
2.000000000000000111e-01,-1.201903925631048198e+00
2.000000000000000111e-01,-1.215588286088961745e+00
2.000000000000000111e-01,-1.259158059284243514e+00
2.000000000000000111e-01,-1.321157551948743514e+00
2.000000000000000111e-01,-1.367303697011738706e+00
2.000000000000000111e-01,-1.418704427880727037e+00
2.000000000000000111e-01,-1.454315764723691506e+00
2.000000000000000111e-01,-1.493652728463323198e+00
2.000000000000000111e-01,-1.517838368368859658e+00
2.000000000000000111e-01,-1.544414041404048810e+00
2.000000000000000111e-01,-1.556823835378044363e+00
2.000000000000000111e-01,-1.570505419400577196e+00
2.000000000000000111e-01,-1.577343573039448943e+00
2.000000000000000111e-01,-1.577478411331521446e+00
2.000000000000000111e-01,-1.571072566448647567e+00
2.000000000000000111e-01,-1.553722559621544930e+00
2.000000000000000111e-01,-1.547349430005274362e+00
2.000000000000000111e-01,-1.521239831119723274e+00
2.000000000000000111e-01,-1.492334678322776664e+00
2.000000000000000111e-01,-1.459315133036521717e+00
2.000000000000000111e-01,-1.417423355684170883e+00
2.000000000000000111e-01,-1.369903283348135714e+00
2.000000000000000111e-01,-1.318172546593293637e+00
2.000000000000000111e-01,-1.260792502429881390e+00
2.000000000000000111e-01,-1.198280462323061846e+00
2.000000000000000111e-01,-1.132519111043131632e+00
2.000000000000000111e-01,-1.074238430926211851e+00
2.000000000000000111e-01,-1.015671559696649240e+00
2.000000000000000111e-01,-9.572327783670203649e-01
2.000000000000000111e-01,-8.993224356076841008e-01
2.000000000000000111e-01,-8.423251167499352654e-01
2.000000000000000111e-01,-7.866086498120619108e-01
2.000000000000000111e-01,-7.325238412158736612e-01
2.000000000000000111e-01,-6.804048099999718824e-01
2.000000000000000111e-01,-6.305697707282423847e-01
2.000000000000000111e-01,-5.883286131209883862e-01
2.000000000000000111e-01,-5.440793973509169268e-01
2.000000000000000111e-01,-5.087370943991603722e-01
2.000000000000000111e-01,-5.314990689045143712e-01
2.000000000000000111e-01,-4.738021551388834629e-01
2.000000000000000111e-01,-4.167612502106258221e-01
2.000000000000000111e-01,-3.912373699382719061e-01
2.000000000000000111e-01,-3.782698288654662844e-01
2.000000000000000111e-01,-3.793476495716318619e-01
2.000000000000000111e-01,-3.773710581502336958e-01
2.000000000000000111e-01,-3.809334514708653252e-01
2.000000000000000111e-01,-4.106615992108547664e-01
2.000000000000000111e-01,-4.143390273193272022e-01
2.000000000000000111e-01,-4.450316715039934756e-01
2.000000000000000111e-01,-6.411370471611261834e-01
2.000000000000000111e-01,-6.171504714872679820e-01
2.000000000000000111e-01,-5.915538141405681793e-01
2.000000000000000111e-01,-5.985285334453371853e-01
2.000000000000000111e-01,-6.396987452104018201e-01
2.000000000000000111e-01,-6.795625889524865570e-01
2.000000000000000111e-01,-7.264852032135102888e-01
2.000000000000000111e-01,-7.596513589758390195e-01
2.000000000000000111e-01,-7.967176187638465024e-01
2.000000000000000111e-01,-8.204347815582618830e-01
2.000000000000000111e-01,-8.456962548847027916e-01
2.000000000000000111e-01,-8.642546962150379208e-01
2.000000000000000111e-01,-8.715340035172800537e-01
2.000000000000000111e-01,-8.558246694986731962e-01
2.000000000000000111e-01,-8.793367836425840522e-01
2.000000000000000111e-01,-8.736392602689000420e-01
2.000000000000000111e-01,-8.622542033807599759e-01
2.000000000000000111e-01,-8.436859510237646465e-01
2.000000000000000111e-01,-8.237199569062910731e-01
2.000000000000000111e-01,-7.971010611543899449e-01
2.000000000000000111e-01,-7.654846724276904713e-01
2.000000000000000111e-01,-7.306411942697019768e-01
2.000000000000000111e-01,-6.872919195340085885e-01
2.000000000000000111e-01,-6.367467758962758184e-01
2.000000000000000111e-01,-5.844666765723963708e-01
2.000000000000000111e-01,-5.307211622921961247e-01
2.000000000000000111e-01,-4.757753874946178962e-01
2.000000000000000111e-01,-4.198875299984430320e-01
2.000000000000000111e-01,-3.633065788649114114e-01
2.000000000000000111e-01,-3.062705151625844668e-01
2.000000000000000111e-01,-2.490048850564430816e-01
2.000000000000000111e-01,-1.917217517987533926e-01
2.000000000000000111e-01,-1.301717558887436899e-01
2.000000000000000111e-01,-7.348040478468365055e-02
2.000000000000000111e-01,-1.733057135356247391e-02
2.000000000000000111e-01,3.812444103804329965e-02
2.000000000000000111e-01,9.274535376624482019e-02
2.000000000000000111e-01,1.516745683931117750e-01
2.000000000000000111e-01,2.042028454700467455e-01
2.000000000000000111e-01,2.555452845708473530e-01
2.000000000000000111e-01,3.441134909381400320e-01
2.000000000000000111e-01,3.758524328881467369e-01
2.000000000000000111e-01,4.047643966302513774e-01
2.000000000000000111e-01,4.504078942402437447e-01
2.000000000000000111e-01,4.945122066272214512e-01
2.000000000000000111e-01,5.437830467638180565e-01
2.000000000000000111e-01,5.845606124599187492e-01
2.000000000000000111e-01,6.236485694438116401e-01
2.000000000000000111e-01,6.610122025531623979e-01
2.000000000000000111e-01,7.041170498256481558e-01
2.000000000000000111e-01,7.377834142011442387e-01
2.000000000000000111e-01,7.696105763259536436e-01
2.000000000000000111e-01,8.075234009299869786e-01
2.000000000000000111e-01,8.353925477158158364e-01
2.000000000000000111e-01,8.613174730313428729e-01
2.000000000000000111e-01,8.852755398433489464e-01
2.000000000000000111e-01,9.156791474370475914e-01
2.000000000000000111e-01,9.353613241354641339e-01
2.000000000000000111e-01,9.529805275947289545e-01
2.000000000000000111e-01,9.685203910997699506e-01
2.000000000000000111e-01,9.819667304018302456e-01
2.000000000000000111e-01,1.002021082973545862e+00
2.000000000000000111e-01,1.010873103684095664e+00
2.000000000000000111e-01,1.017572990494937546e+00
2.000000000000000111e-01,1.022123470939916512e+00
2.000000000000000111e-01,1.024532339083848775e+00
2.000000000000000111e-01,1.024812947099020155e+00
2.000000000000000111e-01,1.031465834562045547e+00
2.000000000000000111e-01,1.027087963795544345e+00
2.000000000000000111e-01,1.020631671828575060e+00
2.000000000000000111e-01,1.012140132552610261e+00
2.000000000000000111e-01,1.001663531629197967e+00
2.000000000000000111e-01,9.811782233758978844e-01
2.000000000000000111e-01,9.753846227400230218e-01
2.000000000000000111e-01,9.593388306059617010e-01
2.000000000000000111e-01,9.489987396560538579e-01
2.000000000000000111e-01,9.290945946170183767e-01
2.000000000000000111e-01,9.004957071320816020e-01
2.000000000000000111e-01,8.850463155815433414e-01
2.000000000000000111e-01,8.607673020905651784e-01
2.000000000000000111e-01,8.352286327328573012e-01
2.000000000000000111e-01,8.085387295802266561e-01
2.000000000000000111e-01,7.808084177567687911e-01
2.000000000000000111e-01,7.330052671654012642e-01
2.000000000000000111e-01,6.841762441605963030e-01
2.000000000000000111e-01,6.953972694663778098e-01
2.000000000000000111e-01,6.647452334551494646e-01
2.000000000000000111e-01,6.336023300872728470e-01
2.000000000000000111e-01,6.020806821353258398e-01
2.000000000000000111e-01,5.652366304490192839e-01
2.000000000000000111e-01,5.337120511631703312e-01
2.000000000000000111e-01,5.021319825631757050e-01
2.000000000000000111e-01,4.705965004077506397e-01
2.000000000000000111e-01,4.392023669180508683e-01
2.000000000000000111e-01,3.943887916355053869e-01
2.000000000000000111e-01,3.736891441462878438e-01
2.000000000000000111e-01,3.436643502208561740e-01
2.000000000000000111e-01,3.141218274011969847e-01
2.000000000000000111e-01,2.812953828419659241e-01
2.000000000000000111e-01,2.532944859180330521e-01
2.000000000000000111e-01,2.259826854805414009e-01
2.000000000000000111e-01,1.959186007697564791e-01
2.000000000000000111e-01,1.704950886040580982e-01
2.000000000000000111e-01,1.425921702490793308e-01
2.000000000000000111e-01,1.192374510708724134e-01
2.000000000000000111e-01,9.365562344300942810e-02
2.000000000000000111e-01,7.258965009227535958e-02
2.000000000000000111e-01,5.310393665260648710e-02
2.000000000000000111e-01,3.199270025613437651e-02
2.000000000000000111e-01,1.608124407164590597e-02
2.000000000000000111e-01,1.981420684758983253e-03
2.000000000000000111e-01,-1.393763038136536236e-02
2.000000000000000111e-01,-2.423307399724700106e-02
2.000000000000000111e-01,-3.262565830242558640e-02
2.000000000000000111e-01,-3.909846987362261550e-02
2.000000000000000111e-01,-4.364029931432367171e-02
2.000000000000000111e-01,-4.624561385300160476e-02
2.000000000000000111e-01,-4.691454358860790153e-02
2.000000000000000111e-01,-4.565287874111415012e-02
2.000000000000000111e-01,-4.247207568180871862e-02
2.000000000000000111e-01,-3.738927002111942788e-02
2.000000000000000111e-01,-3.042729557683387931e-02
2.000000000000000111e-01,-1.629652752321167353e-02
2.000000000000000111e-01,-5.704481306112285655e-03
2.000000000000000111e-01,1.233684959465858322e-02
2.000000000000000111e-01,5.982723387489208289e-02
2.000000000000000111e-01,5.843259108833934873e-02
2.000000000000000111e-01,6.320574043859600311e-02
2.000000000000000111e-01,8.847894782362686339e-02
2.000000000000000111e-01,1.153755804469789314e-01
2.000000000000000111e-01,1.369001816752877521e-01
2.000000000000000111e-01,1.669032042948368488e-01
2.000000000000000111e-01,1.982343174001668373e-01
2.000000000000000111e-01,2.307589653302204169e-01
2.000000000000000111e-01,2.643272657608524701e-01
2.000000000000000111e-01,2.987737613745100607e-01
2.000000000000000111e-01,3.258645590775979262e-01
2.000000000000000111e-01,3.617760611511491309e-01
2.000000000000000111e-01,3.980234541867138098e-01
2.000000000000000111e-01,4.343847613436132571e-01
2.000000000000000111e-01,4.706276169636375295e-01
2.000000000000000111e-01,5.065119413962048123e-01
2.000000000000000111e-01,5.331863230828293165e-01
2.000000000000000111e-01,5.680812394698677714e-01
2.000000000000000111e-01,6.019328432822956820e-01
2.000000000000000111e-01,6.259060392278747997e-01
2.000000000000000111e-01,6.575166956196052404e-01
2.000000000000000111e-01,6.789212806331073047e-01
2.000000000000000111e-01,7.075520617241350951e-01
2.000000000000000111e-01,7.257999030681687724e-01
2.000000000000000111e-01,7.507981185240240052e-01
2.000000000000000111e-01,7.653924025887891558e-01
2.000000000000000111e-01,7.862194042195597143e-01
2.000000000000000111e-01,7.967728791541680566e-01
2.000000000000000111e-01,8.054208048010231824e-01
2.000000000000000111e-01,8.121262723576447851e-01
2.000000000000000111e-01,8.242730490337643046e-01
2.000000000000000111e-01,8.265525048290907062e-01
2.000000000000000111e-01,8.268257968459353791e-01
2.000000000000000111e-01,8.251033294854306366e-01
2.000000000000000111e-01,8.214058686811930299e-01
2.000000000000000111e-01,8.222716217604533195e-01
2.000000000000000111e-01,8.142600791181802133e-01
2.000000000000000111e-01,7.917320359551653919e-01
2.000000000000000111e-01,7.606647843463610892e-01
2.000000000000000111e-01,7.815283188501511713e-01
2.000000000000000111e-01,7.665451963889606812e-01
2.000000000000000111e-01,7.499753852601471760e-01
2.000000000000000111e-01,7.319086051618575173e-01
2.000000000000000111e-01,7.124398795943874818e-01
2.000000000000000111e-01,6.916687919393776918e-01
2.000000000000000111e-01,6.696987324517070794e-01
2.000000000000000111e-01,6.466361446462316476e-01
2.000000000000000111e-01,6.225897793787141810e-01
2.000000000000000111e-01,5.839693989019976161e-01
2.000000000000000111e-01,5.684498761520130339e-01
2.000000000000000111e-01,5.425147309176561183e-01
2.000000000000000111e-01,5.160339443609520682e-01
2.000000000000000111e-01,4.891157046165059974e-01
2.000000000000000111e-01,4.581479657880821454e-01
2.000000000000000111e-01,4.310177657983269572e-01
2.000000000000000111e-01,4.037604636053726548e-01
2.000000000000000111e-01,3.730820538614544324e-01
2.000000000000000111e-01,3.461867681717850087e-01
2.000000000000000111e-01,3.162198656723841927e-01
2.000000000000000111e-01,2.900315741437849426e-01
2.000000000000000111e-01,2.465285831662760718e-01
2.000000000000000111e-01,1.962448562769437688e-01
2.000000000000000111e-01,1.448596154629109289e-01
2.000000000000000111e-01,8.885822001190851749e-02
2.000000000000000111e-01,3.512383660540580044e-02
2.000000000000000111e-01,-3.246401494218437156e-02
2.000000000000000111e-01,-8.458204050776241267e-02
2.000000000000000111e-01,-1.527961275723306311e-01
2.000000000000000111e-01,-3.061838170323549768e-01
2.000000000000000111e-01,-3.404770575636847374e-01
2.000000000000000111e-01,-3.719692685237910856e-01
2.000000000000000111e-01,-4.551523557886790750e-01
2.000000000000000111e-01,-5.428447741937033610e-01
2.000000000000000111e-01,-6.444223933980706143e-01
2.000000000000000111e-01,-7.712122240822270047e-01
2.000000000000000111e-01,-8.383468443286722360e-01
2.000000000000000111e-01,-9.276118110883385670e-01
2.000000000000000111e-01,-1.182847837941039870e+00
2.000000000000000111e-01,-1.202250537382397289e+00
2.000000000000000111e-01,-1.217528461400399387e+00
2.000000000000000111e-01,-1.228602274635091529e+00
2.000000000000000111e-01,-1.292703063962366006e+00
2.000000000000000111e-01,-1.341034756868152655e+00
2.000000000000000111e-01,-1.395198445366414353e+00
2.000000000000000111e-01,-1.433435491710080001e+00
2.000000000000000111e-01,-1.475928750102455833e+00
2.000000000000000111e-01,-1.502973660518073906e+00
2.000000000000000111e-01,-1.524618845162855729e+00
2.000000000000000111e-01,-1.548615130841514587e+00
2.000000000000000111e-01,-1.565633822818287113e+00
2.000000000000000111e-01,-1.575755679591867242e+00
2.000000000000000111e-01,-1.579104277048142713e+00
2.000000000000000111e-01,-1.575831814073567427e+00
2.000000000000000111e-01,-1.570805848998442000e+00
2.000000000000000111e-01,-1.554121500173191839e+00
2.000000000000000111e-01,-1.535053772050620546e+00
2.000000000000000111e-01,-1.509064013229366452e+00
2.000000000000000111e-01,-1.476519779058217408e+00
2.000000000000000111e-01,-1.437784492924761404e+00
2.000000000000000111e-01,-1.394883096256352317e+00
2.000000000000000111e-01,-1.344413035856233174e+00
2.000000000000000111e-01,-1.289777484467120594e+00
2.000000000000000111e-01,-1.229759434776094729e+00
2.000000000000000111e-01,-1.164737623264447963e+00
2.000000000000000111e-01,-1.102870638696725747e+00
2.000000000000000111e-01,-1.041299658219549951e+00
2.000000000000000111e-01,-9.824703416349190865e-01
2.000000000000000111e-01,-9.239782889882346417e-01
2.000000000000000111e-01,-8.662149355993449262e-01
2.000000000000000111e-01,-8.095551504680964516e-01
2.000000000000000111e-01,-7.543566665883383315e-01
2.000000000000000111e-01,-7.134835495634807012e-01
2.000000000000000111e-01,-6.535710687441210753e-01
2.000000000000000111e-01,-6.048164817435528473e-01
2.000000000000000111e-01,-5.587993640719970401e-01
2.000000000000000111e-01,-5.268100031584225240e-01
2.000000000000000111e-01,-4.814847624218392408e-01
2.000000000000000111e-01,-5.016306729451895929e-01
2.000000000000000111e-01,-4.444128334638052236e-01
2.000000000000000111e-01,-3.952714745298488430e-01
2.000000000000000111e-01,-3.794588974377682833e-01
2.000000000000000111e-01,-3.688857040650012631e-01
2.000000000000000111e-01,-3.726819435320152252e-01
2.000000000000000111e-01,-3.732509930459171343e-01
2.000000000000000111e-01,-3.894258926959964784e-01
2.000000000000000111e-01,-4.011131908783243105e-01
2.000000000000000111e-01,-4.290159953474946830e-01
2.000000000000000111e-01,-4.619734642396526869e-01
2.000000000000000111e-01,-6.322253977326556251e-01
2.000000000000000111e-01,-6.079889745323148187e-01
2.000000000000000111e-01,-5.821924377298696163e-01
2.000000000000000111e-01,-6.128050602971518712e-01
2.000000000000000111e-01,-6.649731565973678871e-01
2.000000000000000111e-01,-7.039057924603101535e-01
2.000000000000000111e-01,-7.400161562046202457e-01
2.000000000000000111e-01,-7.808965907899907410e-01
2.000000000000000111e-01,-8.080898913198139022e-01
2.000000000000000111e-01,-8.374410348485376021e-01
2.000000000000000111e-01,-8.600444102055950779e-01
2.000000000000000111e-01,-8.708202267753281101e-01
2.000000000000000111e-01,-8.766099663107327356e-01
2.000000000000000111e-01,-8.852467306458475793e-01
2.000000000000000111e-01,-8.829716399706029062e-01
2.000000000000000111e-01,-8.748136849870284948e-01
2.000000000000000111e-01,-8.610727831205767790e-01
2.000000000000000111e-01,-8.420542730010237564e-01
2.000000000000000111e-01,-8.180665652846585978e-01
2.000000000000000111e-01,-7.894210981117832926e-01
2.000000000000000111e-01,-7.560497012428970542e-01
2.000000000000000111e-01,-7.193975347717034285e-01
2.000000000000000111e-01,-6.714949736533127878e-01
2.000000000000000111e-01,-6.200163744400338794e-01
2.000000000000000111e-01,-5.669033706779615933e-01
2.000000000000000111e-01,-5.124255261785715110e-01
2.000000000000000111e-01,-4.568469445982459298e-01
2.000000000000000111e-01,-4.004237992613333685e-01
2.000000000000000111e-01,-3.434022534620740363e-01
2.000000000000000111e-01,-2.860167797232237574e-01
2.000000000000000111e-01,-2.284888719105821475e-01
2.000000000000000111e-01,-1.581210960242011576e-01
2.000000000000000111e-01,-1.099089032878515781e-01
2.000000000000000111e-01,-5.321089994597011374e-02
2.000000000000000111e-01,2.881487599471432848e-03
2.000000000000000111e-01,5.821973980965139406e-02
2.000000000000000111e-01,1.178513838781693468e-01
2.000000000000000111e-01,1.712325611652616986e-01
2.000000000000000111e-01,2.234834391582786739e-01
2.000000000000000111e-01,3.223729422114169907e-01
2.000000000000000111e-01,3.558737201010127582e-01
2.000000000000000111e-01,3.865509707294033648e-01
2.000000000000000111e-01,4.207279923848481484e-01
2.000000000000000111e-01,4.658932782494500935e-01
2.000000000000000111e-01,5.161642454017267845e-01
2.000000000000000111e-01,5.580692720531205131e-01
2.000000000000000111e-01,5.983110912864916253e-01
2.000000000000000111e-01,6.440530740234607920e-01
2.000000000000000111e-01,6.807251920341724771e-01
2.000000000000000111e-01,7.156081670979745901e-01
2.000000000000000111e-01,7.486731756450644149e-01
2.000000000000000111e-01,7.955142699092905278e-01
2.000000000000000111e-01,8.165609815888148493e-01
2.000000000000000111e-01,8.437791892914549008e-01
2.000000000000000111e-01,8.690502788095328945e-01
2.000000000000000111e-01,9.007594044806095379e-01
2.000000000000000111e-01,9.218016106389654851e-01
2.000000000000000111e-01,9.407970603551278899e-01
2.000000000000000111e-01,9.577275860998006873e-01
2.000000000000000111e-01,9.812467342674927595e-01
2.000000000000000111e-01,9.936548140674106300e-01
2.000000000000000111e-01,1.003921953020515456e+00
2.000000000000000111e-01,1.012043046642678856e+00
2.000000000000000111e-01,1.018017174096048194e+00
2.000000000000000111e-01,1.030471526181381714e+00
2.000000000000000111e-01,1.031735746271454479e+00
2.000000000000000111e-01,1.030849713498852571e+00
2.000000000000000111e-01,1.027838019468256148e+00
2.000000000000000111e-01,1.022731873403937897e+00
2.000000000000000111e-01,1.015569330180043472e+00
2.000000000000000111e-01,1.006395426462279863e+00
2.000000000000000111e-01,9.952622209595602953e-01
2.000000000000000111e-01,9.900600769045562188e-01
2.000000000000000111e-01,9.746898227783125090e-01
2.000000000000000111e-01,9.575387956558997216e-01
2.000000000000000111e-01,9.386895636562174738e-01
2.000000000000000111e-01,9.182304433883594630e-01
2.000000000000000111e-01,8.962549996772265493e-01
2.000000000000000111e-01,8.728614906935575624e-01
2.000000000000000111e-01,8.481522695326216832e-01
2.000000000000000111e-01,8.222331535217768383e-01
2.000000000000000111e-01,7.952127724663583530e-01
2.000000000000000111e-01,7.608975935868612650e-01
2.000000000000000111e-01,7.126238408726108808e-01
2.000000000000000111e-01,6.634396058560441123e-01
2.000000000000000111e-01,6.822803379040518479e-01
2.000000000000000111e-01,6.515755537212971626e-01
2.000000000000000111e-01,6.204200594954726311e-01
2.000000000000000111e-01,5.889247906122352383e-01
2.000000000000000111e-01,5.571987511938399917e-01
2.000000000000000111e-01,5.204919697298007186e-01
2.000000000000000111e-01,4.890373777866783844e-01
2.000000000000000111e-01,4.576616372682310585e-01
2.000000000000000111e-01,4.219440262280035880e-01
2.000000000000000111e-01,3.957430618699267488e-01
2.000000000000000111e-01,3.610074026591109098e-01
2.000000000000000111e-01,3.312429137682122438e-01
2.000000000000000111e-01,3.019883268768723261e-01
2.000000000000000111e-01,2.694999137024625679e-01
2.000000000000000111e-01,2.418352189329760482e-01
2.000000000000000111e-01,2.148812731633896189e-01
2.000000000000000111e-01,1.852202426636214705e-01
2.000000000000000111e-01,1.601906226941412492e-01
2.000000000000000111e-01,1.327235726438693031e-01
2.000000000000000111e-01,1.097907695130477812e-01
2.000000000000000111e-01,8.780904354327573325e-02
2.000000000000000111e-01,6.404211238725071587e-02
2.000000000000000111e-01,4.523917173318175999e-02
2.000000000000000111e-01,2.478007302349516383e-02
2.000000000000000111e-01,9.591522527680085286e-03
2.000000000000000111e-01,-3.768861538651552268e-03
2.000000000000000111e-01,-1.526824273984409008e-02
2.000000000000000111e-01,-2.871071273504804955e-02
2.000000000000000111e-01,-3.633724358143203270e-02
2.000000000000000111e-01,-4.203636472353319831e-02
2.000000000000000111e-01,-4.579931567121151015e-02
2.000000000000000111e-01,-3.904039937633613233e-02
2.000000000000000111e-01,-4.792821720218168324e-02
2.000000000000000111e-01,-4.590324020771509306e-02
2.000000000000000111e-01,-4.196120288851067082e-02
2.000000000000000111e-01,-3.110301454118401254e-02
2.000000000000000111e-01,-2.343376941633514010e-02
2.000000000000000111e-01,-1.393006735999255397e-02
2.000000000000000111e-01,2.942439817709446848e-03
2.000000000000000111e-01,5.879073628861755663e-02
2.000000000000000111e-01,5.741120202391750832e-02
2.000000000000000111e-01,5.584375525602676416e-02
2.000000000000000111e-01,7.361719190145180058e-02
2.000000000000000111e-01,9.290213472999503397e-02
2.000000000000000111e-01,1.204995810021971397e-01
2.000000000000000111e-01,1.496111341761294233e-01
2.000000000000000111e-01,1.801248401037308100e-01
2.000000000000000111e-01,2.119143120924124046e-01
2.000000000000000111e-01,2.372289270842641851e-01
2.000000000000000111e-01,2.713338222764782315e-01
2.000000000000000111e-01,3.062793132365134174e-01
2.000000000000000111e-01,3.418780511596367644e-01
2.000000000000000111e-01,3.779279882755662845e-01
2.000000000000000111e-01,4.142136651146911541e-01
2.000000000000000111e-01,4.505080589098984234e-01
2.000000000000000111e-01,4.780221866672373920e-01
2.000000000000000111e-01,5.140268742156459680e-01
2.000000000000000111e-01,5.493661413427390894e-01
2.000000000000000111e-01,5.837916117413810557e-01
2.000000000000000111e-01,6.084597342232798134e-01
2.000000000000000111e-01,6.408740265586532203e-01
2.000000000000000111e-01,6.631606281371572598e-01
2.000000000000000111e-01,6.928038991109324307e-01
2.000000000000000111e-01,7.120968116503187950e-01
2.000000000000000111e-01,7.382861542309560043e-01
2.000000000000000111e-01,7.540581403369291946e-01
2.000000000000000111e-01,7.762178059020550247e-01
2.000000000000000111e-01,7.880469453196378149e-01
2.000000000000000111e-01,7.980042245774345844e-01
2.000000000000000111e-01,8.136881800807688192e-01
2.000000000000000111e-01,8.193111990193701066e-01
2.000000000000000111e-01,8.229395750092807216e-01
2.000000000000000111e-01,8.245654982760229901e-01
2.000000000000000111e-01,8.311320262208010679e-01
2.000000000000000111e-01,8.283006049683507843e-01
2.000000000000000111e-01,8.234932220455143392e-01
2.000000000000000111e-01,8.167471789741790333e-01
2.000000000000000111e-01,8.081091569864380375e-01
2.000000000000000111e-01,7.782740571545369024e-01
2.000000000000000111e-01,7.463936203571795991e-01
2.000000000000000111e-01,7.743688642224376695e-01
2.000000000000000111e-01,7.589090522930374005e-01
2.000000000000000111e-01,7.418942378780614133e-01
2.000000000000000111e-01,7.234156935911216779e-01
2.000000000000000111e-01,7.035697579444112337e-01
2.000000000000000111e-01,6.824570865579699941e-01
2.000000000000000111e-01,6.601818974943524099e-01
2.000000000000000111e-01,6.368512191193651528e-01
2.000000000000000111e-01,6.080459063557539512e-01
2.000000000000000111e-01,5.876818654917539408e-01
2.000000000000000111e-01,5.618527722733618335e-01
2.000000000000000111e-01,5.313855989664207913e-01
2.000000000000000111e-01,5.047981893333927106e-01
2.000000000000000111e-01,4.778130651583863964e-01
2.000000000000000111e-01,4.468371331860790940e-01
2.000000000000000111e-01,4.197160184022058482e-01
2.000000000000000111e-01,3.925040839831596129e-01
2.000000000000000111e-01,3.619280801513291568e-01
2.000000000000000111e-01,3.351456142442655883e-01
2.000000000000000111e-01,3.085473283834759273e-01
2.000000000000000111e-01,2.736244058311586569e-01
2.000000000000000111e-01,2.267049290436314313e-01
2.000000000000000111e-01,1.758937967757806531e-01
2.000000000000000111e-01,1.206284854277150376e-01
2.000000000000000111e-01,6.748980876291921227e-02
2.000000000000000111e-01,9.205346214565923724e-03
2.000000000000000111e-01,-5.086137692440712010e-02
2.000000000000000111e-01,-1.129009155214633076e-01
2.000000000000000111e-01,-1.771373281159689395e-01
2.000000000000000111e-01,-3.230614681984571024e-01
2.000000000000000111e-01,-3.562720850954322893e-01
2.000000000000000111e-01,-4.088583599623878406e-01
2.000000000000000111e-01,-4.940812521855207917e-01
2.000000000000000111e-01,-5.928280355104541544e-01
2.000000000000000111e-01,-6.870951579844701840e-01
2.000000000000000111e-01,-7.847911003915263306e-01
2.000000000000000111e-01,-8.847082365653746727e-01
2.000000000000000111e-01,-9.739190329562882331e-01
2.000000000000000111e-01,-1.198343540736896973e+00
2.000000000000000111e-01,-1.216004798940460097e+00
2.000000000000000111e-01,-1.229508264663222050e+00
2.000000000000000111e-01,-1.261440288399413578e+00
2.000000000000000111e-01,-1.323424750819815809e+00
2.000000000000000111e-01,-1.369551397427787531e+00
2.000000000000000111e-01,-1.421092288334738996e+00
2.000000000000000111e-01,-1.456789447267035964e+00
2.000000000000000111e-01,-1.496360585260467335e+00
2.000000000000000111e-01,-1.520690976651707604e+00
2.000000000000000111e-01,-1.547543015437027769e+00
2.000000000000000111e-01,-1.560122937205598692e+00
